x: 0.1, y: 0.010000000000000002, E: 0.0e+00
x: 0.30000000000000004, y: 0.09000000000000002, E: 0.0e+00
x: 0.7000000000000001, y: 0.49000000000000005, E: 0.0e+00
x: 1.5, y: 2.2500000000000004, E: -4.4e-16
x: 3.1, y: 9.610000000000001, E: -1.8e-15
x: 6.300000000000001, y: 39.690000000000005, E: 0.0e+00
x: 10.0, y: 161.29000000000002, E: 0.0e+00
Ex: 0, hMin count: 1, X count: 7
