x: 2.8, y: -4.800000000000001, E: -0.0e+00
x: 4.4, y: -5.6, E: -2.2e-16
x: 7.6000000000000005, y: -7.199999999999996, E: -1.9e-15
x: 10.0, y: -10.4, E: -0.0e+00
