x: 9.6, y: 17.2, E: -0.0e+00
x: 8.799999999999999, y: 16.400000000000002, E: -9.6e-16
x: 7.199999999999999, y: 14.799999999999999, E: 8.9e-16
x: 3.999999999999999, y: 11.599999999999998, E: 1.8e-15
x: 2.0, y: 5.199999999999999, E: -0.0e+00
Ex: 0, hMin count: 0, X count: 5
