x: 1.0, y: 5.0, y': -750.833333333334
x: 2.0, y: -145.00000000000003, y': -150.00000000000003
x: 3.0, y: -58.75000000000032, y': -18.750000000000107
x: 4.0, y: 66.76470588235343, y': 37.35294117647069
